01010110
11011110
01011111
11000101
01010010
11000010
10110011
11100101
01010101
01011010
11101101
11011000
01011111
11010000
11000001
01111001
01100110
10010001
11111011
01111100
11000010
10001100
01100001
01001000
01010001
10111011
10001011
10111110
10000101
01110111
10001111
10110001
01010100
01000101
11111100
10010000
10101101
11010001
00010110
00101010
10110011
11000010
00101000
00001010
10101011
11110010
00010111
00101011
11010000
11101110
00010000
00110011
01011110
11001001
00100000
00110100
00000101
01000011
01101000
10101100
10110100
01010010
01011000
10111011
10011101
01110001
01111101
10011110
01001100
11000100
01110100
01011100
01001101
10110101
11010111
11101100
11011100
10010010
00011001
10111011
00110011
11011100
10001110
11001010
11011101
00111100
00100101
01010000
11011101
01000111
10111111
01010100
01001001
00010110
10100011
11110010
10001000
01111110
01010011
00100011
11100010
01001100
11111111
01000010
10001010
10001110
01010010
10001101
11110000
11100000
11001000
11111001
10100011
01100100
10000101
00100100
10100001
00010011
00000000
01001010
00111110
10010111
00110001
11010001
10001010
01011110
10001001
00000111